collected
4446
4026
3724
4024
4025
4022
4023
4020
4021
4028
4029
344
345
346
347
340
341
342
343
3997
3995
3994
348
349
3991
3990
4686
4844
4931
4684
967
2919
3227
4682
4732
4733
4730
4736
4737
2318
2319
2316
2317
2314
2315
2312
2313
2310
2311
298
299
296
297
294
292
293
290
291
3773
3771
3770
3775
3774
2147
3778
4834
270
271
272
273
274
275
276
277
278
279
4836
4659
4658
2814
2268
2269
1132
2262
2263
2260
2261
2266
2267
2264
2265
2442
2443
2441
2446
2447
2445
2449
108
109
2945
102
103
100
101
106
104
2046
2047
2044
2045
2042
2043
2040
2041
4819
4818
2048
2049
3150
4978
3154
2836
5111
3159
4979
3519
3518
3513
3512
3511
3510
3517
3516
3515
3514
2688
2689
2684
2686
2687
2680
2681
2682
2683
3391
3999
3390
3998
99
98
1435
91
90
93
95
94
97
96
1623
1622
3205
1620
1627
3202
1625
1624
1998
1628
3209
3208
3561
2862
3696
559
558
2866
555
554
557
556
551
550
552
5054
2744
1502
1199
1198
3348
1191
1190
1193
1192
3346
1194
1197
3345
873
1759
1757
1756
1755
1754
1753
1752
1751
1750
4259
1176
1174
1173
1172
1171
1170
4250
4252
4255
4254
1179
1178
511
4498
510
513
1285
1284
1287
512
1281
1283
1282
2819
1289
514
3430
1579
1578
689
688
3431
685
684
687
1570
681
680
683
682
4189
3433
2818
1226
3434
621
4971
1224
3436
1223
3437
1222
2741
4388
1221
2740
4383
1220
4386
4384
407
406
405
404
403
402
401
400
1379
1378
4183
409
408
3834
3835
3836
4182
3830
3831
3832
454
4973
3839
455
4031
4030
4033
4032
4035
1346
4037
4036
4039
4038
4186
4734
4735
379
378
2408
4842
371
370
373
372
375
374
377
376
4739
3093
393
392
391
390
397
396
395
394
399
398
1560
2309
2308
4729
4728
2301
2300
2303
4726
2305
2304
2307
4722
4676
4696
3592
3748
3746
3747
3744
3742
3740
245
244
247
246
241
243
242
4628
4629
3591
249
248
2275
2274
2277
2276
2270
2272
2279
2278
2154
2459
2458
2455
2454
2457
2456
2451
2450
2453
2452
179
178
177
176
175
174
173
172
171
170
2051
2050
2053
2052
2055
2054
2057
4829
4826
4827
3692
4537
3694
4531
4532
3697
3596
4802
652
653
1367
1504
1505
3526
3527
3524
3525
3522
3523
3520
3521
3528
3529
4655
3086
4793
4657
1601
4656
3083
2699
1976
2697
2696
2695
2694
2693
1975
2691
2690
2405
1974
4653
1973
4652
4556
1971
1748
3222
3232
3233
3230
3231
3236
1969
1618
1619
1964
1617
3238
3239
1612
1613
1610
1611
4550
1749
4551
2872
2877
2875
2874
4986
2878
4534
3355
3357
3351
3350
3353
3359
3358
3781
1768
1769
1762
1763
1760
1765
1142
1143
1140
1141
1146
1147
1144
1145
1148
1149
2967
2966
2402
690
336
692
693
1544
691
696
697
694
695
698
699
1548
1549
542
543
540
541
546
547
544
545
548
549
1782
3885
1783
1784
646
1785
1786
3682
3880
414
415
416
417
410
411
412
413
1384
1386
418
419
1382
1383
3827
3826
3825
3824
3823
3822
3821
3820
1507
4845
3829
3828
4282
4280
4281
4286
3586
4284
4288
5004
368
369
366
367
364
365
362
363
360
361
2760
3224
380
382
383
384
385
386
387
388
389
4758
4759
4751
4752
4753
4754
4755
4756
4757
3681
3216
3759
3758
4664
3752
3755
3754
3951
3756
4633
2191
4631
259
2194
2195
2196
2197
2198
253
250
251
256
257
254
255
2201
2203
2204
2206
2207
3210
2428
2429
2400
2420
2421
2422
2423
2424
2425
2426
2427
4329
1848
164
165
166
167
160
161
162
163
4839
4838
3689
4815
4529
4528
4527
4526
4525
4832
4835
3686
4521
3684
2796
3212
2518
1842
2514
2517
2510
2511
2512
2513
2734
2735
2736
2737
2730
2731
2732
1847
2738
2739
4427
3531
3530
3533
3532
5058
3534
3536
3539
3538
1815
1816
1817
1811
1812
1813
4339
1818
1819
4337
725
4334
4335
1098
4333
4952
3042
4330
4953
4950
1608
4987
4951
3228
1979
1978
3225
1600
1603
3226
1605
3220
1607
1606
809
808
4954
803
802
801
800
807
806
805
804
2848
2849
2847
2844
2845
2842
2840
3320
3321
3322
3323
3326
3327
3328
1775
1774
1777
1776
1771
1770
1773
1772
1779
1778
321
3974
2998
1159
1158
1550
1155
1154
1157
1156
1151
1150
1153
2006
3038
328
1551
2999
1553
1552
59
3039
1557
1556
55
54
2992
56
51
2995
53
2997
537
536
535
534
533
532
531
1558
3036
539
538
2993
2994
50
3294
2996
3295
3033
3296
3297
3290
3455
3291
429
428
1399
1398
421
420
423
1394
425
1392
427
1390
3812
3813
3810
3811
3816
3814
3453
3818
3819
3450
3451
3456
3457
4295
4296
4290
4292
4691
590
258
2199
4635
3176
4748
4743
4742
4741
4740
4747
4746
4745
4744
4697
4714
4715
4716
2183
2182
2181
2180
2187
2186
229
228
227
226
2189
224
223
222
220
2213
2212
2211
2210
2217
2216
2215
2214
2219
2337
1565
1167
150
153
152
155
154
157
156
2433
158
2431
2430
2437
2436
2435
2434
4922
4510
4511
4517
4514
4515
2509
2507
2506
2503
530
2501
2500
2727
2726
2725
2724
2723
2722
2721
2720
2729
2728
1807
3783
1805
1804
1803
1802
1801
1800
3789
1809
4996
4997
4992
4993
4990
4491
4998
4999
5
3258
3259
1948
1949
1525
1942
1943
1940
1941
1946
1947
1944
1945
818
0
985
810
811
812
813
814
815
816
817
3207
3495
3206
2851
2850
2853
2852
2855
1993
2857
3333
3332
1492
1493
1494
1495
1496
1396
1498
1499
3339
3338
1395
1994
1700
2095
1702
422
1704
1705
4641
1708
1996
4572
424
1391
2091
426
3659
1128
1129
4576
1120
1121
1122
1123
1124
1125
1126
1127
3654
4579
313
2989
2988
3029
3028
2983
3650
2981
3024
2987
3022
2985
2984
524
3953
526
527
1018
521
522
523
1014
1015
1016
1017
528
529
1012
1013
1234
1235
1236
3950
1230
1231
4198
1233
3957
4194
4195
1238
1239
4190
4191
4358
4359
311
4354
4355
4356
4357
4350
4352
4353
833
1564
4678
4677
438
439
436
437
434
435
432
433
430
431
4674
3809
3804
3807
3806
3801
3800
3802
4671
2481
1967
3162
2869
1851
4685
4776
4777
4774
3163
4771
4076
4778
4174
4175
4176
4177
4170
4171
4172
4173
1961
4178
4179
2464
4495
3065
2465
3064
2466
3161
4618
2158
238
234
235
236
237
230
231
232
233
3068
4680
2228
2229
2226
2227
2224
2225
2222
2223
2220
2221
4880
3217
146
144
145
142
143
140
141
2701
148
149
4505
4504
4507
4506
4501
4500
4502
635
4887
4509
4508
3401
2089
3400
2082
2083
2080
2081
2086
2087
2084
2085
3342
2538
2539
3343
2532
2533
2530
2531
2536
2537
2534
2535
2713
2033
2711
2716
2717
2714
2715
1195
2718
2719
3347
3409
3344
3408
1832
1833
1836
3798
1834
1835
3795
3090
3797
3796
3791
3790
3792
4981
2155
2156
938
2150
4984
2152
2153
4989
932
931
930
937
2159
935
934
3091
2015
136
1955
1954
1957
1956
1951
1950
1953
1952
1959
1958
4409
3248
3096
3243
3242
3241
3247
3246
3245
1990
829
828
4405
4637
824
827
826
821
820
823
822
3097
3693
4258
4400
4312
4878
1483
1481
1480
1487
1485
1484
3306
3307
1489
1488
3302
3303
3300
3301
797
796
795
794
793
792
791
790
1719
1718
799
798
4318
4319
2143
1272
2414
1139
1138
2417
1133
1995
1131
2140
1137
1136
1135
1134
4974
1276
2418
4066
1277
4976
3018
3019
3012
3013
3010
3011
3016
3017
3014
3015
519
518
4972
1009
1008
1007
1006
1005
1004
515
1002
1001
516
1227
4188
1225
620
627
626
625
624
4181
4180
629
628
4185
4184
1229
1228
4349
4347
4346
4345
1535
4341
4340
2881
2886
2887
2884
2885
2888
2
3878
3879
3196
1561
3871
3872
3873
3874
3876
3877
1286
11
10
12
15
14
17
16
19
18
3274
3275
3272
3194
3904
3905
3906
3902
3903
3027
3271
3908
3909
3112
4761
4760
4763
4762
4765
4764
4766
4769
4768
3193
4199
4167
4166
4165
4164
4163
4161
4160
2742
4169
4168
678
3192
201
200
203
202
204
207
206
209
208
3476
3989
1573
3477
1827
1572
3470
1571
3471
2239
3472
2231
2230
2233
2232
2235
2234
2237
2236
1575
3574
1657
2185
3498
3499
3497
3494
2184
3492
3493
3490
3491
4570
2094
2097
2096
3658
2090
2093
2092
4578
3655
3656
5097
2099
2098
3652
3653
2525
2524
2188
2520
2523
2522
4602
2529
2528
506
4493
5065
4889
2709
2708
2705
2704
3952
2706
2700
2703
2702
4719
1829
1828
1825
1824
4406
1826
1821
1820
4402
4403
928
2146
2413
2144
2415
2142
2141
2416
2419
921
922
4977
924
925
2149
2148
4326
1920
1921
1922
1923
1924
1925
1926
1927
1928
1929
4226
3278
3279
3474
3475
830
831
836
837
834
3473
4220
838
839
3478
3479
4221
3
4222
4248
4223
3956
3199
4681
3319
3318
923
3311
3310
3313
3312
3315
3314
3316
784
785
786
787
780
782
783
1726
788
789
1720
1721
1790
4711
252
3330
4380
1454
60
61
62
2438
64
3000
66
3002
68
69
3009
3008
1588
1589
1370
1580
1581
1586
926
1584
1585
1038
1372
508
509
1032
1375
1030
505
502
503
500
1374
1212
1213
1210
633
1216
1377
636
1215
638
639
1218
1219
4378
4379
4372
4370
4371
4376
4377
4375
465
1728
2895
2894
2897
1729
2891
2890
1106
1107
1104
1457
1102
1451
1100
1101
4457
1458
1108
4456
4080
4081
4082
4083
4084
4085
4086
4087
3863
3862
4454
3867
3865
3864
1357
3737
3837
3736
1577
1455
1977
3733
3732
1576
3917
4923
3915
3914
3913
3912
2137
3147
4693
3918
2247
4692
4798
4795
4796
4797
4790
4791
4792
4694
4152
4153
4151
2130
4154
4158
4159
4338
4699
4698
1914
4929
216
217
214
215
212
213
210
211
1530
218
219
920
3094
2138
2139
3190
3285
939
4289
2134
3488
4368
3481
3480
3483
3482
3485
3484
3487
3486
4563
4566
4565
4564
3646
4569
4568
3642
3641
3640
2550
2551
2552
2553
2554
2555
2556
2557
2558
2396
2397
2394
63
2392
2393
2390
2391
3001
2398
65
2778
2779
5012
4898
5014
5015
5016
5017
4893
2771
4890
2774
2775
2776
2178
3167
4710
3034
1858
4419
4418
4417
4416
1852
4414
4413
4412
1856
1857
2172
2173
2171
919
918
2174
2175
915
914
917
916
911
910
913
912
2604
2605
2606
2607
2600
2601
2602
2603
4270
2608
2609
1933
1932
1931
1930
1937
1936
1935
1934
3269
4712
1939
1938
458
3369
847
846
845
844
843
842
841
840
3379
2793
849
848
3364
2406
3361
1739
1738
1731
2565
1733
1732
1735
1734
1737
1736
2587
3895
2404
753
3782
751
750
757
756
754
759
758
2586
3070
3071
3072
3073
3074
3075
3076
507
2954
2955
2956
1599
2951
3787
1025
1024
1031
1021
3784
1023
1022
1036
1115
1029
1028
1037
1034
501
605
604
607
606
601
600
603
4362
1205
1204
1207
1206
609
1200
1203
1211
634
4279
2479
4276
3108
4706
3104
3105
3106
637
3100
3101
3102
3103
1447
1110
1113
1112
1443
1114
1117
1440
1119
1118
1506
2478
1351
1449
1448
4093
4092
4091
466
4097
4096
4095
4094
2401
4099
4098
450
460
1355
489
4584
487
486
485
1354
483
482
481
480
4586
4853
451
4852
4725
4851
4724
4582
4727
2302
3926
3927
3924
3928
3929
3993
4723
4789
4788
4786
4785
4784
4783
4782
4781
4780
4149
4148
4145
4144
4147
4146
4140
4143
4142
3856
3857
3854
3855
3852
3853
3850
3851
3858
3859
4822
3005
4814
3004
3665
4820
3664
195
194
196
190
193
192
3679
4558
4559
3672
3673
3670
3671
4552
4553
3674
3675
2543
2542
2540
2547
2546
2545
2544
3006
2549
1456
2381
2380
2383
2382
2385
2387
2386
2389
2388
3580
3581
3582
5000
5007
3585
5005
3587
3588
2762
2761
5008
2767
2766
2765
2764
3145
4260
1244
902
903
900
901
906
907
904
905
4422
4423
908
1840
4426
1846
4424
1844
3677
3250
4958
4959
2169
2168
3251
2165
2164
2167
2166
4956
4957
2163
2162
2617
2616
3003
2614
2613
2612
2611
3254
4627
2619
2618
3298
3299
1908
1906
1907
1904
1905
1902
1903
3292
1901
3452
855
856
857
850
851
852
819
3458
3459
858
859
3293
4088
4089
2463
641
3402
4428
1916
1184
669
616
740
741
742
743
744
745
747
748
4811
3062
3061
3060
3067
3066
2949
2948
2947
2946
3069
2944
2943
2942
2941
2940
1050
1051
1052
1053
1054
1055
1056
4810
1058
1059
2917
1696
1697
1694
1692
1693
1691
1791
1278
1279
618
619
4314
4315
4316
4317
1270
1271
610
611
1274
617
614
615
2468
1795
2325
4429
1794
4816
3119
3118
3117
3114
3113
3331
3111
3110
1472
1470
1471
1476
1477
1474
1475
3337
1478
1479
3336
1304
1305
1306
1307
1300
1301
1302
1303
3334
1308
1309
3590
498
4229
494
495
496
497
490
491
492
493
4536
25
26
27
20
21
22
23
3594
28
3262
5037
4467
3939
3938
3142
3935
3934
3937
3936
3931
3930
1703
3265
1885
4138
1876
4130
4131
4132
4134
4135
4136
4137
3840
3843
3842
3845
3844
3847
3846
3849
3848
4430
4432
3267
4044
4045
4046
4040
4041
4042
4043
3648
3910
4048
4049
3982
3198
1602
2288
2289
3661
3660
3663
3662
2280
2281
2282
2284
2285
2286
2287
4549
4548
1910
4460
4540
4543
4545
4544
4547
4940
3921
4828
2578
2579
2576
2574
2056
2572
2573
2570
2571
3690
2395
2378
2379
3691
2374
2375
2376
2377
2370
2371
2372
2373
2594
2595
2596
2597
2590
2591
2592
2593
4530
3599
3598
2598
2599
3695
4435
4434
1874
1875
1872
1873
1870
1871
1083
4821
4439
4438
1878
1879
977
976
975
974
4941
972
971
970
1080
4948
979
978
182
183
180
181
186
187
184
185
2111
188
2113
2114
2115
2116
1559
2622
2623
2620
2621
2626
2627
2625
2628
2629
1919
1918
602
2131
3289
3288
3287
3286
3282
3281
4157
869
868
3449
3448
861
860
863
3446
3441
3440
867
866
2024
2757
2026
2027
2022
2751
3144
2117
2028
2029
2758
2759
883
882
881
880
887
886
885
884
889
888
3149
3970
356
2460
4555
3988
1500
3973
775
774
777
776
771
770
773
772
4596
778
77
76
75
74
73
72
3058
3059
3056
3057
3054
2971
2976
3053
3050
3051
1043
1042
1041
1040
1047
1046
1045
1044
1049
1048
1680
1683
1682
1685
1684
1686
1689
1380
3025
4302
1269
1268
4307
4306
4305
4304
608
1262
4309
4308
663
662
1265
1264
3021
3020
1913
67
1912
4595
1889
3122
3283
3120
3121
3126
3127
3124
1469
1917
3977
1465
499
1467
3280
1461
1460
1463
1019
1316
1314
1313
1312
1311
1310
3276
1319
1318
4608
3976
4239
4238
4237
4236
767
4234
4233
4232
4231
4230
3277
1010
464
1011
3445
4609
3123
3444
3447
3948
3949
319
862
3403
4214
3940
312
3942
3943
3944
316
315
864
4606
4216
3443
4211
3442
2756
4129
4128
4123
4496
4120
4127
2754
4607
4124
1335
2755
4219
1334
1337
3405
1336
2750
2322
4192
2698
4604
4705
1330
4218
3201
1333
4703
1332
4313
3404
4057
4056
4055
4054
4053
4052
4051
4605
4700
4458
4059
2692
4361
3407
2461
3610
2299
2298
3614
3615
3616
3617
2293
2292
2290
2297
2296
2295
2294
909
4709
3406
2569
2560
2563
2562
632
1615
2567
2566
2369
2368
2366
2365
2364
2363
2362
2361
2360
2585
2583
2582
2580
865
5022
2589
2588
4440
1860
1863
1862
3728
1864
1867
1866
4448
3725
3726
3727
3720
3721
3722
3723
964
4687
966
4933
960
4935
962
963
4938
4939
968
969
4688
4689
2109
2108
2101
2100
2107
2106
2105
2104
5114
670
2639
2638
5112
2635
2634
2637
2631
2630
1245
2632
3765
3438
1241
893
878
879
876
877
874
875
872
643
870
871
4592
2036
4590
4591
4848
4597
2031
2030
2749
2748
4598
4599
4840
4841
2039
2038
890
891
892
4937
894
895
896
897
898
899
3095
3651
1247
648
3237
3544
3545
3546
3547
3540
3541
3542
3543
4369
3235
3548
3549
1911
4420
1965
1614
1788
1789
768
769
2961
3649
2963
2962
1780
1781
760
761
2969
2968
764
765
3049
3048
1962
3041
3040
3043
1963
3045
3044
3047
3046
3941
707
1078
1079
1076
1077
1074
1075
1072
1073
1070
1071
1678
1679
3030
1674
1675
1676
1677
1670
1671
1672
1673
1094
1095
1097
1090
1091
1092
1093
4336
675
676
677
4332
1099
672
673
3134
3137
3136
3131
3130
3133
3132
3139
3138
1997
1533
933
1915
4443
1418
4642
4643
1410
1412
1413
1414
1416
1417
1322
1323
1320
1321
1326
1324
1325
4444
4646
1328
1329
1621
1446
4209
4644
4202
4203
4200
4201
4204
1531
4445
3618
1524
1257
1254
1255
1520
1253
1250
1251
1528
1529
1259
308
309
3959
3958
300
301
302
303
304
305
306
307
4116
4117
4114
4112
4113
1792
4118
4119
4634
2254
2858
2575
2979
2399
3340
5010
2475
5013
3341
4062
853
4060
4061
1966
4067
4064
4065
3052
4068
4069
2974
78
3602
3601
3600
3607
3606
3605
3604
3609
3608
4895
3197
4638
640
623
4945
2990
2035
2358
2359
2352
2353
2350
2351
2357
2354
471
4624
2991
4453
4452
4451
4450
1898
1899
3739
3738
1894
1895
4459
3734
1890
476
1892
3730
2136
4690
4921
2135
4927
2133
4925
4924
951
950
953
4928
955
954
957
956
949
3971
477
4574
2648
3432
2784
2640
2641
2642
2644
2645
2646
2647
2786
4242
4804
4575
4805
3429
3428
4806
3423
3422
3421
3420
3427
3426
3425
3424
2002
2003
2000
2001
4589
4588
2004
2005
4585
4856
2008
4854
4581
4580
4583
4850
2034
2118
1854
4301
1855
4943
4411
4577
3026
4410
4825
3557
3556
3555
3553
3552
3551
3550
3558
667
666
2176
504
665
4944
2910
2911
1799
664
2914
4969
719
718
2918
1267
715
4968
713
712
711
710
4967
661
716
4966
660
4965
1069
1068
4964
1061
1060
1063
1062
1065
1064
1067
1066
3023
1669
1667
1666
1665
1664
1663
1662
1661
1660
1087
1086
593
592
595
594
597
596
599
598
4325
4324
1089
1088
3140
3141
714
2828
2829
3146
1526
3148
2825
2826
2820
2821
2822
2823
3386
3387
3384
3385
3382
3383
4720
3381
4807
3388
3389
1409
1408
1402
4437
1400
1407
1406
1405
1404
1546
449
448
1339
1338
1491
1547
443
442
441
440
447
446
445
444
1545
4947
4623
4436
1542
1543
3261
39
38
3260
33
32
31
1541
37
36
35
34
1537
1240
1243
1242
645
644
647
1246
649
1248
3098
3099
1539
3264
339
338
335
334
337
3266
5003
330
333
332
4100
4103
4102
4105
4104
4107
4108
4593
3125
5002
4626
3377
3899
3892
3893
3890
3891
3894
1468
3467
4499
4962
1085
8
2119
1466
4079
3461
4077
3460
4071
4070
4072
3966
3967
3964
3965
3962
3963
3960
3961
1497
1462
3968
3969
2854
3638
3639
3636
3637
3634
3635
3632
3633
3630
3631
4611
3469
3468
1991
2344
2347
4612
2341
2340
2343
2342
4615
2349
2348
2469
4614
4617
3253
4616
3708
2346
4468
4469
4466
3703
4464
4465
1883
3707
3704
3705
2121
2123
2122
2125
2124
2127
2126
4916
947
944
1084
942
4913
4910
941
1594
2659
2658
642
1450
2651
2650
2657
2656
2655
2654
133
132
3414
130
3412
3413
135
134
139
138
3418
4868
4869
2019
2018
3645
2014
2017
2016
4866
2010
2013
4865
1452
1793
3562
3563
3560
1453
3567
3564
3565
4594
3568
3569
4484
4486
4487
4480
4481
4482
4483
4488
4489
4243
2901
2900
708
709
3035
704
705
706
2908
700
701
702
703
88
89
1263
82
83
80
86
87
84
85
762
1658
1659
2487
1652
1653
1650
1651
1656
854
1654
1655
586
587
584
3037
763
583
580
581
1984
589
3153
3152
3151
1633
3157
3156
3155
2838
1634
2835
3158
2833
2832
2831
2830
1436
1437
3392
3395
1433
1430
1431
3399
3398
3213
1439
1260
612
4704
1349
3284
3031
1348
459
4262
4263
4264
4265
1888
1340
1341
452
1343
1344
1345
456
457
1887
318
1082
3032
766
517
3701
3263
3368
3706
832
1266
2483
4463
656
657
654
3089
3088
650
651
3085
3084
3087
1509
3081
3080
658
3082
1886
317
3945
3946
4668
314
1992
3884
3887
3886
948
3882
4919
3889
2129
2128
631
4666
945
752
4660
943
940
4663
4008
3191
1376
4000
4001
4003
4004
1081
4006
4007
322
323
320
3597
326
327
324
325
3979
3978
1882
329
3365
3629
3628
4942
3620
3623
3622
3625
3624
3627
3626
1881
2330
1595
2332
4717
2334
2335
2336
4713
2338
2339
4718
1597
1596
1880
1591
835
1590
3715
3714
3717
3716
3711
946
3713
3712
1592
3718
4126
4479
3078
3079
4471
4470
4473
4475
4474
4477
4476
4909
4908
4679
2489
2486
2950
4675
4902
4673
4672
2480
1598
3252
2248
2249
2652
2244
2245
2246
52
2240
2241
2242
2243
995
994
997
996
991
990
2462
992
999
998
120
121
122
123
124
125
126
127
128
129
1020
3416
4877
4876
4871
4870
3417
2773
4879
131
2068
2069
2798
2799
3376
2060
2061
2062
2063
2064
2065
2794
2067
3374
3410
3373
1849
3411
3372
3370
2306
1347
3579
3578
3575
3577
3576
3571
3570
3573
3572
2666
2667
2664
2665
2662
4492
2660
4490
722
4667
2668
2669
3668
2938
2939
3257
2935
2933
3799
3595
1645
4261
1647
1646
1641
1643
1642
1649
1648
4228
4926
1742
1743
1252
2012
4365
579
578
572
571
570
577
576
575
574
3195
2808
2809
2161
3168
3169
3166
2803
2800
2801
2806
2807
3160
2805
1420
1423
1422
1425
1424
1427
1426
1429
1428
3366
3367
3360
4983
3362
3363
731
733
4982
735
734
737
736
739
738
1217
2403
4273
4271
1358
469
468
4275
4274
1353
1352
467
1350
461
1356
463
462
4884
4862
4863
4800
4860
1273
4858
4861
4224
1039
4885
936
1519
4864
4328
1515
2007
1511
1513
1512
959
4886
4651
4859
4058
958
3129
3184
3185
3186
3180
3181
585
3183
3188
4227
1896
3397
582
4538
4019
4018
2112
4661
4013
4012
4011
4010
4017
4016
4015
453
357
4904
354
353
352
351
350
3984
3985
3986
3987
3980
3981
359
3983
4833
3107
3612
4855
4421
1033
2323
1111
2321
2320
2327
4702
4701
2324
1891
2329
2328
1445
484
2009
289
288
1444
3619
281
280
283
282
285
284
287
3955
3760
3761
3762
3763
3764
1441
3767
3768
1116
263
262
261
260
267
266
265
264
269
268
5009
1562
2499
2498
4648
1563
1980
4632
2491
2490
2493
2492
2495
4647
2497
2496
4539
2193
1566
2258
2257
2256
2255
1295
2253
4636
2477
2476
988
989
2473
2472
2471
2470
982
983
980
981
986
987
984
4425
114
117
4090
111
110
113
112
3244
119
4639
4431
2785
4801
2787
4803
2781
2780
2783
2782
4808
4809
2789
2788
1797
2079
2078
1331
1716
2073
2072
2071
2070
2077
2076
2075
2074
1388
4867
952
1035
4363
1389
3508
3509
3164
3500
3501
3502
3503
3504
3505
3506
3204
2671
2670
2673
2672
2675
2674
2677
2676
2679
2678
1209
2929
2928
4027
2920
488
2925
2924
2564
1861
3685
1208
2906
1986
1631
1632
1985
1982
1983
1636
1637
1638
1639
2904
3218
3219
1988
1989
4738
2815
569
2817
2816
2811
2810
2812
560
561
562
563
564
565
566
4975
3179
3178
2037
3171
3170
3173
3172
3175
3174
3177
118
659
2179
1188
3378
1186
1187
1897
1185
1182
1183
3371
1181
726
727
724
1026
3735
723
721
1744
1745
1746
1747
1740
1741
728
729
1164
1165
4963
1160
3308
1162
1163
4246
4247
4244
4245
1168
1169
4241
3092
3304
749
472
2913
3305
48
49
46
47
44
45
43
40
41
1568
1569
1299
331
1292
1293
1290
1291
1296
1297
1294
1567
1713
474
1712
591
475
1711
1381
2743
613
1710
1717
4960
3698
4398
4399
1715
4441
4390
2032
1201
1714
4394
4395
4397
1366
473
1364
1365
1362
1363
1360
1361
1865
478
479
3699
1368
1369
not collected
5059
5055
5105
5083
5098
5056
5057
5051
5052
5053
5084
5048
5047
5046
5045
5044
5043
5042
5041
5040
5078
5079
5072
5073
5070
5071
5076
5077
5074
5075
5090
5092
5093
5067
5066
5063
5062
5069
5096
5061
3109
5085
5034
5035
5033
5031
5036
5030
5108
5109
5100
5101
5106
2753
5102
5094
5103
5107
5029
5028
5023
5025
5024
5113
5104
5038
5039
5032
5089
5081
5080
5110
5099
5091
5082
5064
5060
115
5087
5088
5086
5027
5026
